4
2 4 2 4
8624
9436 9942 4518 9285 9231 9201 7191 6579 9049 1388 314 1022 2187 7438 6768 9159 8673 2894 5369 4291 6984 7244 2993 3849 9300 5806 5418 9462 4024 9333 9432 2122 9809 612 3463 3289 6778 4394 3885 8454 2012 6653 2393 8605 696 703 6277 83 5895 3377 1137 7969 9626 3203 3519 7104 195 2879 7373 789 9653 8855 5043 4797 3259 3797 9324 5775 8138 4790 6447 4360 3944 8803 330 375 8034 4041 8819 8081 4024 8573 661 3888 9693 5549 508 2282 6619 5639 5519 8379 8613 4046 5633 1666 1810 34 1411 1884
4263
1452 8933 3576 2153 9119 1813 3914 6061 4829 9183 9778 4605 5530 7628 4876 4953 9533 7576 7557 6180 65 5938 6518 1601 2401 1014 3423 8117 6627 3769 2930 6844 8205 4063 1011 687 5447 3199 2763 7716 871 806 2956 4740 6245 7366 5116 1719 9694 4106 7598 7019 6625 4940 3715 6119 3368 8796 8309 8832 9124 927 6347 4007 2537 4675 4449 7390 8600 4784 5817 6200 7894 4274 7167 1691 8998 1199 3955 6345 2058 5946 3739 8829 7759 3702 5058 924 3891 7241 2565 9796 1945 3019 4850 1996 5675 6068 436 6276
9263
7185 3181 6575 3514 5936 878 4080 5846 375 292 1438 3769 2237 199 9386 4832 4813 175 7859 741 3991 1225 6561 495 261 5308 8907 7405 542 8339 5027 1926 718 2395 6376 2453 4961 8091 4915 4848 4395 8596 2481 7815 4147 4570 8708 2856 8456 8242 7615 6829 8143 1414 8359 52 1454 664 5344 9086 3757 8160 5944 8074 5521 2811 863 6108 6710 7025 2838 8969 7540 701 3526 4237 4664 1111 9146 1808 5678 1891 5094 1133 4746 6501 8306 2146 6578 2406 8524 858 4281 8720 7499 3791 235 341 4068 4633
5503
9852 7131 1185 2867 9733 9868 4420 1659 183 9034 4950 9646 8944 451 9594 9704 5711 4012 7881 5997 6854 7613 4104 3642 5836 6137 1035 4540 8737 2568 1464 7704 6731 1168 6917 5008 8707 9994 205 906 3864 511 2688 815 3200 5772 7593 379 169 4697 9302 7220 6048 3822 6637 9935 8446 7789 2167 4941 2165 2938 8224 7927 2986 4155 1575 8138 4605 7319 5537 2026 3130 8596 3796 7210 232 2792 840 9273 4898 4475 7712 8585 4557 4498 3972 1022 4467 8869 3367 2422 5102 8752 6357 9289 4584 4718 7788 6131
5819
4083 2497 8127 7598 8316 8619 4884 3308 9113 382 5361 6605 6916 9400 942 9943 4152 9087 3761 5151 1224 432 4438 2784 7523 7135 1462 510 1750 1090 8157 9085 2651 6488 4099 8658 5588 1612 535 1850 6086 8581 508 6701 155 5203 1063 8178 2645 9956 2981 7050 3812 9061 6139 7328 2613 3070 1593 4210 1857 5540 1809 3646 5707 2453 276 3621 4474 5115 744 5418 4758 3946 882 242 6301 6128 6426 2724 597 5653 8681 8568 2096 961 8561 8778 1762 3567 1075 5821 7232 3725 8058 2610 5208 672 2856 8863
3343
8101 8609 2133 5240 9647 3753 6934 1044 977 2919 4906 5703 6464 5717 9631 7272 3066 7592 1426 7032 5936 2186 5930 7993 8467 6461 8521 8607 6185 461 8380 5982 5537 5317 2168 7712 7605 6459 993 9290 574 8140 332 2659 2901 7266 4441 3643 4170 7335 6104 8952 2451 6176 3412 6386 4273 3066 9457 7844 4558 6854 1953 7262 3202 2841 7280 8668 6603 7777 7762 3193 2523 2615 6317 916 5873 3224 6556 7627 3410 6547 9051 5562 3479 592 7705 2699 1172 7430 6558 6316 7153 3506 2634 5147 5160 122 6290 6793
3725
6891 7589 6518 8024 6679 5120 3039 203 1870 5563 1683 879 412 3495 1954 5806 7830 1845 5928 7458 4546 1011 7684 3662 1790 3392 829 7899 1178 1408 6661 8701 9453 32 3633 3118 7802 507 5341 9256 8479 1849 4502 3509 1922 9007 6967 7803 12 1983 2377 9491 7407 1348 9234 2455 855 9885 9804 9954 2342 1941 3445 8275 4573 4476 8800 2705 9415 674 2319 4120 8390 2938 711 718 6298 2514 5710 7721 2096 6188 6135 5936 7685 7935 816 3853 9641 6290 4188 1929 4852 3743 5282 586 9007 1836 3008 5988
8946
9790 1315 7216 5391 8873 16 3181 8698 511 5983 6971 6572 6803 1508 4135 8647 736 3245 2476 4203 5227 8615 2719 4114 756 7027 6251 6633 9051 7803 2874 1941 2124 7874 9248 8632 1502 2956 8136 3492 423 948 9821 8590 4787 5389 8709 9280 7367 5253 1032 7121 8697 6667 7329 2593 6212 7482 133 9410 4821 7551 5548 7849 9273 1578 382 5075 5007 746 7271 2523 2580 1713 5397 670 4166 8842 2767 5934 3638 8881 6262 514 1767 5613 1734 5829 7864 282 5401 5631 7146 7073 9734 1292 1761 7806 5302 5606
2457
1368 7029 2307 2190 1383 6667 7409 2724 9765 9039 3542 5654 3012 8716 6214 3615 2874 3347 6539 4582 5249 2511 1019 2435 7473 9313 1987 6176 1693 8757 9882 7056 9990 9910 4137 7293 22 7903 7241 3274 6270 2850 3214 8769 8735 4928 3087 8575 2664 5830 5638 5908 8169 2858 1694 3493 2043 3874 5639 577 6167 9736 3618 4112 4787 1762 3596 4410 169 8478 2685 9279 9644 9122 5733 448 2217 5672 1605 4460 8473 6142 8353 2652 4349 1388 2413 8582 6625 1892 5545 1724 9295 6140 5669 5238 234 8509 7898 7146
5295
5301 5418 2825 1655 1896 6717 6983 7404 7384 6980 4126 8399 7888 5814 2921 1382 3541 1339 6855 2429 245 9026 3677 3783 1710 4231 4463 6678 2568 9723 1188 2805 4147 6851 8250 5715 3009 6514 8292 8873 8159 4345 7510 9680 8392 4706 3218 5227 1910 4799 3010 5334 8065 3473 3683 7326 429 7884 1434 9558 1507 4951 5260 7838 1317 3336 8877 2469 8751 4781 579 1632 6001 2064 8789 2721 6678 9823 2858 8954 7542 4402 1073 7195 1196 5405 9836 6148 515 3099 8105 9560 1354 2893 5225 8548 9500 1904 2534 3992
12
41 4 50 76 75 75 49 99 66 55 77 65 22 47 98 51 65 42 26 51 22 12 45 39 36 71 92 51 15 99 68 93 94 72 33 42 2 95 42 14 50 66 51 30 54 0 68 15 16 39 36 15 7 81 11 56 21 97 60 7 58 87 18 85 62 94 3 29 18 10 31 40 77 65 32 22 6 13 43 96 47 39 42 16 89 95 55 50 61 2 64 19 5 85 78 97 58 27 29 87
91
27 1 21 72 78 37 26 42 77 20 16 73 71 44 11 39 87 39 55 24 93 43 27 40 32 16 83 25 37 45 60 64 42 8 56 22 65 17 63 32 8 41 33 75 13 33 43 45 99 1 31 32 2 42 70 46 61 46 21 64 87 21 7 30 94 72 67 75 48 57 2 65 99 63 17 9 52 97 1 73 34 1 61 75 68 57 82 34 64 59 74 89 89 74 81 85 8 51 39 39
16
14 67 30 38 77 84 64 47 23 12 28 94 19 46 24 42 79 73 70 19 28 48 31 3 28 36 31 60 93 90 65 39 11 79 24 71 49 10 79 62 0 33 26 19 71 54 18 59 68 72 66 41 81 59 72 21 0 18 99 27 81 30 71 24 75 25 29 83 83 56 57 35 28 30 97 96 45 36 33 76 30 61 71 80 85 77 57 9 98 8 57 68 90 9 9 43 74 90 55 8
46
8 30 29 13 81 68 27 68 82 44 62 85 37 17 3 7 52 60 69 20 80 73 79 31 26 40 49 65 9 81 17 72 99 82 39 10 40 10 86 1 3 30 11 19 34 71 11 36 83 3 66 10 71 44 90 62 23 71 43 39 22 86 25 90 40 50 3 13 81 72 20 15 41 17 43 54 8 65 20 44 21 4 7 75 80 32 24 97 53 82 0 78 73 45 76 86 18 68 95 91
99
98 3 26 20 55 58 7 74 51 15 59 56 76 76 30 76 97 89 35 95 73 83 6 67 73 24 76 83 77 53 48 90 22 60 69 52 18 32 10 85 54 90 64 57 64 36 93 50 12 21 41 21 14 58 5 94 49 61 8 52 18 80 46 87 35 28 7 25 61 60 89 25 38 67 71 56 8 66 48 65 35 63 4 43 27 99 9 53 68 96 54 86 60 54 53 33 34 85 77 89
0
34 84 99 30 14 89 24 73 30 83 88 67 61 93 38 21 85 98 83 43 4 4 88 91 22 34 73 34 37 12 59 31 59 30 74 95 58 12 24 52 21 43 77 91 8 87 42 95 87 76 40 74 66 23 77 95 47 77 10 51 54 46 8 93 50 72 93 81 44 51 92 79 89 53 25 33 93 5 26 84 71 26 63 99 9 71 17 98 80 12 23 40 9 64 73 76 50 10 54 7
96
43 78 80 75 24 77 26 6 72 2 98 72 82 8 84 85 30 49 73 59 38 4 50 10 99 45 94 17 11 11 42 3 84 20 39 52 93 21 67 97 1 40 35 52 61 57 36 34 44 79 18 63 24 64 52 84 52 91 68 26 79 4 38 21 47 0 60 67 5 26 76 62 47 61 55 98 78 1 9 24 2 76 12 98 94 39 59 22 60 24 87 47 31 80 35 72 97 54 50 32
69
69 26 99 13 96 19 71 81 42 86 96 83 14 27 30 19 1 67 68 10 38 71 31 12 74 15 71 7 38 97 78 58 96 85 79 16 98 69 97 16 41 26 31 67 40 56 38 15 58 83 58 68 66 75 80 19 34 29 94 60 33 23 12 53 54 53 95 86 37 54 33 28 80 62 48 87 51 87 46 0 54 6 24 68 29 13 38 67 21 62 99 96 26 86 76 75 96 39 17 48
76
43 86 82 70 86 38 92 82 59 9 100 39 58 60 63 93 52 70 11 59 77 60 72 49 15 21 86 20 78 30 93 59 2 19 4 78 6 63 27 75 20 100 14 91 54 40 51 50 15 100 97 12 31 46 69 83 38 64 66 36 79 17 65 8 97 58 19 95 78 31 0 55 29 71 71 82 31 0 10 10 80 8 73 56 65 44 26 73 31 9 28 20 47 97 51 33 80 37 13 99
93
37 57 59 61 29 8 78 24 52 55 14 11 91 72 8 0 83 87 35 81 10 39 39 45 95 49 66 42 53 91 45 82 93 19 82 29 24 16 83 21 91 24 15 31 57 3 53 87 5 50 70 84 50 2 15 60 63 77 9 46 23 53 4 78 70 95 74 21 45 84 34 85 54 54 85 13 7 76 94 41 35 17 73 2 77 96 9 12 25 69 17 31 4 85 82 94 58 24 37 47