4                                                                                                   
2 4 2 4                                                                                                
409                                                                                                   
4075 363 6717 2317 9263 8846 4461 2019 2175 1600 1509 1438 4425 2366 1664 2491 496 4109 6814 1307 3208 5171 6702 2898 3204 8101 4060 5684 1614 1017 4766 7209 4389 6067 2137 2529 1929 6680 7478 7958 5114 4569 7712 2277 9223 305 4286 6384 8160 8020 6366 9728 658 1811 9831 5162 3360 8340 8193 8550 6680 9839 7748 8997 6892 1024 5054 10 4044 9940 4189 115 9780 2584 3090 5592 7701 9732 439 7220 6330 3243 7889 7288 7227 9199 283 7914 9302 3371 9483 8484 5524 21 2685 4525 5853 5568 497 8963
8481                                                                                                   
6781 5687 1121 9081 6783 9202 7826 235 8529 4821 3107 6672 6975 2035 1946 9172 8756 9401 7871 9840 537 6972 2443 597 9203 7745 8914 4808 2088 2740 4662 2657 1123 7584 2919 2247 3332 4259 3977 8021 6913 4653 5508 4580 7418 8142 2325 8526 4269 5474 3202 8064 267 7716 9831 9877 3117 4502 3388 5408 3382 8526 8221 4694 5824 6915 1810 6045 3178 2558 9017 8626 8313 1836 9604 6744 1716 8962 4950 1751 8631 3069 4188 8301 7637 1462 8165 3572 1445 4644 8500 2472 2011 9113 1175 7870 4491 4449 4844 519
7426                                                                                                   
3769 941 3107 1462 5626 2256 7325 7690 26 3086 9216 5194 8266 9244 1871 524 9254 3306 2276 509 7894 8826 5788 5033 7709 1722 9914 4425 748 378 7397 1909 9593 1413 8616 9739 585 9508 1205 47 4046 9004 5896 5758 5939 2400 288 9777 5111 6505 2558 7528 5185 1222 3536 6131 9066 6282 4739 4717 2174 4104 1599 9087 1396 5605 1433 430 9106 7514 6085 9459 1011 1111 4376 3808 1700 5842 1552 2577 3635 2199 1651 376 3699 1665 832 926 4568 6354 1305 6132 8274 9466 4996 5429 4285 4192 8063 96
5695                                                                                                   
878 6728 319 7786 4600 2176 5980 4990 1678 9153 2582 6307 8909 1433 3722 8024 5562 9232 1126 6638 483 7023 3407 4178 933 9695 8388 8721 983 1913 8123 4568 9103 1315 8699 859 156 8881 1453 9605 6125 9945 1013 8713 3817 2164 7329 6184 6964 8876 9309 3532 6013 290 9614 7855 3314 5583 9748 4537 6851 2919 6788 9936 2964 4288 3489 1185 6976 1834 1232 2449 6585 3363 6087 9541 1371 3648 412 1144 1780 5356 9612 262 6607 3365 3476 4205 9019 161 1391 4782 5249 9298 2764 9475 7306 4697 5826 4553
9309                                                                                                   
6284 3341 5644 9252 9513 8940 1272 4274 1660 8907 2984 4378 8972 7348 2743 5355 4114 1330 8975 4594 8667 3401 4332 4067 7749 30 9812 3825 8595 1830 1564 9714 9161 5899 7502 3471 4667 152 1646 8089 4157 921 5315 4910 4695 9416 2958 6247 1326 999 8695 4488 1616 1846 2843 9620 7152 8021 2518 1800 2962 9311 9486 6998 13 7856 193 6520 5382 2469 6212 1389 2734 3022 2169 6633 8912 5474 9316 6813 9612 111 1718 4610 8825 213 1256 716 103 7157 3960 6376 5286 8090 3951 9374 9687 1645 7290 7954
4870                                                                                                   
4791 6063 6626 7617 2443 7666 139 8189 7304 4278 2897 3100 896 9733 892 5837 4190 8796 7951 3460 3047 2027 2249 6697 5833 9307 1241 170 639 783 8470 6822 1691 2166 9803 9120 6243 1118 4230 6014 5001 5248 8243 5910 6687 6702 5459 9741 9382 6254 4553 2410 8330 9649 7110 2793 2288 3412 2895 6250 6578 2743 8574 9915 46 7605 5420 245 2111 8850 8885 5295 3023 9788 9751 6897 8111 434 1786 7269 4352 3550 4922 9600 9785 7242 306 573 8135 7095 2596 209 857 4669 9441 88 4332 1452 760 4032
9599                                                                                                   
4073 9205 4360 5293 9907 5760 107 5542 1073 9817 896 6116 141 865 4123 7341 6590 4731 8706 7956 9472 4097 9326 8848 8446 6710 6240 2664 1634 8 5061 8738 59 2628 704 4205 6424 1963 7518 5284 126 9956 1411 3663 1151 7993 15 6158 5089 3818 7033 9438 3046 5932 6575 3403 3444 3374 2948 92 7911 324 8745 2729 9997 291 4033 9168 453 8435 570 2857 9473 6890 4445 7948 129 1242 3389 6205 9241 0 928 2419 8270 2159 3878 1834 7402 9095 1271 9387 7354 8095 4150 8260 4187 1436 5155 2270
1006                                                                                                   
467 2478 3476 3456 5193 5001 7668 9262 7796 2301 7594 4100 5364 5722 9010 5608 8021 5191 4920 8065 8938 2626 3936 9826 4543 821 3337 7403 2935 23 1488 4705 3931 4190 8317 7005 8348 7035 7608 3193 219 4250 6103 7812 6182 140 1867 5705 6774 1674 86 202 2437 3975 4132 8901 3430 4014 8749 920 490 386 5225 609 2168 5195 9966 4288 1033 4904 7980 7635 764 3415 9314 8274 776 9390 6089 7203 3696 2849 2038 2799 5934 6778 4697 2145 8430 3710 2022 7612 143 872 9633 6968 6772 2442 5494 5249
9015                                                                                                   
9278 1954 9025 418 5450 7545 2874 746 4527 6114 9170 6127 1043 507 7172 8558 4523 5203 7399 7399 3975 1383 9542 176 4825 2737 2883 8725 6949 657 4713 1424 2495 7824 5335 8450 1186 3877 590 229 9628 2106 5559 9284 8367 1901 5041 5011 7611 5347 3974 1352 2141 4005 780 5076 3375 7795 5097 4793 8504 6963 3870 8644 1168 5169 6480 6704 5828 9123 359 7491 9650 768 4903 450 8272 5618 2227 811 8858 1458 5219 9402 9829 3355 1479 2260 1739 4039 4077 8029 5621 9774 1844 8581 1326 6797 1572 1098
3632                                                                                                   
1972 8610 5716 4806 9137 6964 8805 5092 7949 1170 3404 9308 9278 3697 1328 1110 4948 3551 8491 2374 7754 1349 4205 5178 9679 9157 6276 8699 5297 9747 6114 7117 8134 3622 6497 7711 649 5032 6192 9714 5659 1154 7653 5816 937 1099 6183 5317 5421 1786 4127 3242 4020 5288 3979 886 5725 5665 4404 7800 773 3871 638 8419 1921 1761 207 1210 1012 4709 6177 198 6010 3335 6953 1633 8123 4021 8234 9776 1189 8978 5665 3138 9359 9668 2273 3913 1006 4732 2036 777 3629 2015 7282 2160 4191 2636 2970 1300
95                                                                                                   
71 89 49 100 81 99 68 23 72 51 80 70 18 51 43 51 13 33 35 44 55 24 5 99 92 59 81 49 38 20 52 77 49 70 24 91 18 79 21 11 12 56 9 49 67 51 68 15 12 55 8 58 34 99 46 22 70 79 45 18 69 37 10 65 39 57 42 9 62 71 85 55 79 32 49 46 2 21 79 5 7 6 73 73 93 80 33 45 64 29 28 89 67 99 27 73 36 19 80 79
84                                                                                                   
17 38 53 93 80 0 46 54 40 77 56 65 40 88 91 38 33 55 90 76 24 16 83 75 68 49 34 99 49 58 83 97 24 78 2 24 99 30 18 63 46 64 33 49 87 55 75 64 90 32 77 12 67 14 80 29 67 14 21 32 92 76 68 65 72 52 87 17 41 36 92 85 44 50 16 10 28 68 93 16 45 80 66 58 95 49 74 64 56 96 26 49 32 87 25 35 32 48 78 66
33                                                                                                   
14 61 16 33 29 10 18 27 11 95 39 76 87 48 41 60 81 77 2 16 85 75 12 99 24 88 69 22 32 70 7 83 93 15 97 63 27 31 72 74 72 6 21 6 13 47 77 4 30 28 96 5 24 66 14 67 43 92 5 61 15 52 39 67 48 15 95 1 23 76 19 18 4 83 42 26 74 76 19 3 79 56 0 6 28 67 80 27 46 72 89 95 94 68 66 82 44 15 14 51
17                                                                                                   
61 4 38 47 50 81 29 100 22 68 56 76 51 16 84 48 36 32 22 81 2 47 26 4 20 82 79 79 70 12 71 31 54 57 47 31 45 74 77 40 53 6 53 81 26 26 54 2 42 41 98 76 19 54 61 56 47 13 3 26 94 49 78 79 37 72 10 2 16 54 33 55 6 55 33 88 12 24 99 89 64 48 77 95 25 23 29 44 20 30 26 6 82 84 63 1 13 58 8 0
70                                                                                                   
68 91 11 3 53 63 61 4 31 6 46 77 95 14 89 86 65 50 74 75 60 100 96 0 54 71 22 33 53 84 84 4 65 88 37 64 44 76 3 37 72 60 1 45 43 100 24 51 38 45 19 1 32 32 13 4 10 90 33 47 77 21 61 83 88 32 4 19 4 98 82 66 13 85 20 44 17 56 8 35 95 29 30 7 72 20 68 71 16 79 45 99 46 51 12 38 11 22 8 25
51                                                                                                   
35 85 19 10 94 54 42 38 76 63 24 4 54 87 75 99 33 75 32 32 83 51 8 82 49 3 6 75 84 3 27 36 63 1 13 76 64 67 55 2 1 71 28 73 95 96 61 40 21 23 76 69 5 65 86 10 61 71 54 35 53 43 51 58 68 29 41 69 52 18 80 22 99 62 40 15 23 72 34 35 54 31 13 28 4 15 64 63 71 23 59 30 87 82 69 22 3 83 78 100
80                                                                                                   
83 32 13 80 91 26 4 85 60 65 43 69 64 97 52 80 94 63 78 46 21 69 72 56 77 29 25 26 12 36 21 58 56 12 51 10 75 76 90 32 29 3 69 0 21 72 78 87 76 77 80 84 39 69 49 86 24 49 43 9 55 18 1 19 25 40 79 74 56 6 84 23 1 28 4 87 21 67 32 56 59 6 19 82 63 85 36 37 33 84 49 99 69 88 89 50 33 92 25 63
46                                                                                                   
16 15 41 64 14 49 31 53 35 31 59 21 5 94 82 49 97 53 18 64 87 35 79 60 91 51 42 66 92 14 60 53 28 59 53 45 67 48 61 53 99 28 9 61 44 41 41 97 52 76 47 20 40 50 55 24 19 81 16 48 89 54 29 96 80 41 66 42 47 4 40 11 73 19 91 40 90 36 30 17 97 25 92 45 29 6 5 60 78 20 92 76 15 40 72 81 65 20 2 28
95                                                                                                   
27 81 96 94 49 90 90 76 6 72 81 80 26 88 95 17 57 100 16 99 22 98 63 52 0 14 4 64 86 88 2 75 61 46 75 85 93 98 34 78 47 41 66 51 54 83 93 56 20 20 66 17 27 70 27 58 50 10 35 17 95 37 88 44 18 92 51 70 37 24 44 41 87 94 67 14 88 88 49 80 32 8 7 90 83 77 58 94 42 69 71 80 47 62 91 48 100 45 63 98
76                                                                                                   
65 95 44 1 21 93 65 78 26 46 40 87 54 20 34 34 46 5 29 36 49 66 34 16 45 56 33 69 61 48 5 17 66 55 55 80 18 17 61 38 80 3 35 41 12 6 25 31 83 99 13 52 24 0 5 55 77 6 8 16 5 59 81 61 46 84 8 24 1 8 92 96 6 23 68 26 73 40 95 60 87 6 59 1 2 31 39 91 9 23 54 37 39 31 97 65 72 19 32 84
